0 0.8793000000000001 0.5647191011235955 0.2414 0.870561797752809
0 0.687975 0.5876029962546816 0.180925 0.8247940074906367
0 0.5898749999999999 0.5356928838951311 0.11255000000000001 0.6543820224719101
0 0.529175 0.5130337078651686 0.0828 0.5133707865168539
0 0.45875 0.5211610486891386 0.0725 0.48382022471910113
0 0.4054 0.5353183520599252 0.076925 0.39561797752808986
0 0.217725 0.500374531835206 0.054349999999999996 0.22591760299625468
0 0.253025 0.510374531835206 0.0416 0.22921348314606743
0 0.276225 0.5124344569288389 0.0352 0.2749812734082397
0 0.3015 0.498501872659176 0.035775 0.3095131086142322
0 0.34692500000000004 0.517003745318352 0.051625 0.29247191011235957