1 0.94545 0.8273697270471464 0.10909999999999999 0.34526054590570715
1 0.8564833333333333 0.8154590570719603 0.09325 0.36908188585607943
1 0.7887666666666666 0.7876674937965261 0.09221666666666667 0.4246650124069479
1 0.7157166666666667 0.8059305210918115 0.11036666666666667 0.38813895781637714
1 0.6034166666666667 0.8051364764267991 0.09291666666666666 0.389727047146402
1 0.48701666666666665 0.8273697270471464 0.13588333333333333 0.34526054590570715
1 0.4253166666666667 0.7964019851116625 0.09269999999999999 0.4071960297766749
1 0.04066666666666666 0.8210173697270472 0.08135 0.35796526054590566
1 0.12668333333333334 0.8241935483870967 0.13108333333333333 0.3516129032258064
1 0.2303 0.8130769230769231 0.09728333333333333 0.37384615384615383
1 0.32236666666666663 0.755210918114144 0.08943333333333332 0.42645161290322586
1 0.6851166666666667 0.4330769230769231 0.05983333333333333 0.2077171215880893
1 0.33198333333333335 0.4029032258064516 0.046816666666666666 0.17910669975186105
1 0.4258166666666667 0.4701488833746898 0.06383333333333333 0.21833746898263026