1 0.08535 0.598062015503876 0.15905 0.5966666666666667
1 0.30845 0.46593023255813953 0.11077500000000001 0.3754651162790698
1 0.512525 0.6455813953488372 0.1606 0.708875968992248
1 0.6935250000000001 0.6417829457364341 0.15869999999999998 0.516124031007752
1 0.878 0.6243798449612403 0.0832 0.3822480620155039
1 0.408475 0.5752713178294573 0.155275 0.5596511627906976
1 0.95015 0.6315503875968992 0.09972500000000001 0.7368604651162791
1 0.754225 0.38003875968992246 0.09955 0.3027519379844961
1 0.6708750000000001 0.34476744186046515 0.099525 0.21492248062015504
1 0.626825 0.4050387596899225 0.092 0.2837596899224806
1 0.22149999999999997 0.35228682170542636 0.1091 0.25151162790697673
1 0.45097499999999996 0.2754651162790697 0.06805 0.171046511627907
1 0.58655 0.2812790697674418 0.061425 0.15255813953488373
1 0.49987499999999996 0.2513565891472868 0.054725 0.15728682170542635
1 0.389575 0.2694186046511628 0.061925 0.1417829457364341
1 0.40485 0.237984496124031 0.042475 0.10476744186046512