0 0.8776999999999999 0.6637762237762238 0.0726 0.24307692307692305
0 0.8019750000000001 0.5756293706293706 0.03835 0.17842657342657342
0 0.766425 0.5308391608391608 0.023375 0.13639860139860138
0 0.6642 0.49734265734265737 0.026225000000000002 0.09555944055944056
0 0.70455 0.49954545454545457 0.023675 0.11181818181818182
0 0.7445 0.513986013986014 0.01855 0.10034965034965035
0 0.626275 0.5595804195804196 0.0387 0.1296853146853147
0 0.35225 0.761048951048951 0.10067500000000001 0.3448951048951049
0 0.2391 0.5732167832167832 0.039224999999999996 0.10706293706293707
0 0.29475 0.5551748251748252 0.0313 0.1446853146853147
0 0.3848 0.6207692307692307 0.051925 0.21167832167832168
0 0.523825 0.5744755244755245 0.031125 0.14506993006993008
0 0.449375 0.5782517482517482 0.034425 0.15062937062937062
1 0.489525 0.7185664335664336 0.081125 0.32087412587412584
1 0.577825 0.5740909090909091 0.039075 0.1601048951048951
1 0.2151 0.7756993006993007 0.095725 0.3741258741258741
1 0.086875 0.7744055944055944 0.1183 0.36360139860139856
1 0.26325 0.6879720279720279 0.061625 0.24986013986013983