0 0.09355000000000001 0.6246590909090909 0.18712499999999999 0.676060606060606
0 0.218825 0.44136363636363635 0.13235 0.4985606060606061
0 0.1223 0.2567803030303031 0.105175 0.23071969696969696
0 0.21035 0.20109848484848486 0.157625 0.3141287878787879
0 0.04605000000000001 0.16443181818181818 0.08875 0.226969696969697
0 0.05292500000000001 0.04651515151515151 0.105825 0.09303030303030302
0 0.373875 0.12299242424242424 0.111075 0.18196969696969698
0 0.339275 0.04053030303030303 0.033549999999999996 0.08106060606060606
0 0.40704999999999997 0.0696590909090909 0.086425 0.1393181818181818
0 0.460425 0.17265151515151514 0.12027499999999999 0.1466287878787879
0 0.3518 0.5472348484848485 0.141925 0.6559090909090909
0 0.253725 0.9000378787878789 0.22912500000000002 0.19992424242424242
0 0.509625 0.6927651515151515 0.33535 0.614469696969697
0 0.6721250000000001 0.6035984848484848 0.17702500000000002 0.6845075757575758
0 0.867725 0.6359469696969696 0.179325 0.7281060606060606
0 0.95015 0.48749999999999993 0.09972500000000001 0.654280303030303
0 0.7543500000000001 0.29609848484848483 0.14150000000000001 0.26310606060606057
0 0.546675 0.26958333333333334 0.123375 0.31946969696969696
0 0.66935 0.18481060606060606 0.08257500000000001 0.2131060606060606
0 0.7350249999999999 0.20837121212121212 0.088825 0.24337121212121213
0 0.5998749999999999 0.14420454545454545 0.077 0.2202651515151515
0 0.652675 0.09291666666666668 0.07145 0.15128787878787878
0 0.732275 0.05882575757575757 0.0501 0.07473484848484849
0 0.929375 0.21257575757575756 0.1307 0.38640151515151516
0 0.874525 0.029166666666666667 0.056799999999999996 0.05329545454545455