1 0.586142578125 0.5636718749999999 0.20541015625 0.4117317708333333
0 0.207470703125 0.5012630208333334 0.197509765625 0.2946875
0 0.44732421875 0.6504427083333334 0.297822265625 0.5677604166666667
0 0.831240234375 0.3366015625 0.03072265625 0.04032552083333333
0 0.799775390625 0.3508072916666667 0.0460546875 0.065546875
0 0.758583984375 0.35125 0.0437109375 0.0569140625
0 0.72560546875 0.35125 0.027724609375 0.052682291666666665
0 0.699541015625 0.3519401041666667 0.02955078125 0.054075520833333335
0 0.67158203125 0.3530078125 0.028369140625 0.04984375
0 0.6457421875 0.3555598958333333 0.028251953125 0.043320312500000006
0 0.62359375 0.3548567708333333 0.032353515625 0.0461328125
0 0.597353515625 0.35766927083333333 0.02509765625 0.039088541666666664