1 0.6553528773072748 0.5172503617945008 0.17165038002171554 0.4392474674384949
1 0.3331813246471227 0.39153400868306804 0.03347448425624321 0.08500723589001448
1 0.2051682953311618 0.4090882778581766 0.028675352877307273 0.06612156295224313
0 0.1749728555917481 0.3887120115774241 0.015798045602605865 0.03444283646888567
1 0.20047774158523343 0.3761215629522431 0.009120521172638436 0.01918958031837916
0 0.2117915309446254 0.3808683068017366 0.011378935939196526 0.024167872648335743
0 0.57442996742671 0.382575976845152 0.036970684039087945 0.14960926193921853
0 0.602214983713355 0.36513748191027495 0.031009771986970684 0.10945007235890014
0 0.7729750271444082 0.3596671490593343 0.06191096634093377 0.16861070911722142
0 0.8116069489685125 0.31377713458755424 0.046427795874049944 0.09007235890014471
1 0.8818349619978284 0.3002170767004341 0.04738327904451683 0.07484804630969609